<?xml version="1.0"?>
<opencv_storage>
<Variaveis_RB1>
  <V_MAX>5.9999990463257225e-001</V_MAX>
  <K_LIN>2.0000000000000000e-003</K_LIN>
  <W_MAX>-8.0000000000000004e-001</W_MAX>
  <K_ANG>1.0000000000000001e-001</K_ANG>
  <ZONA_MORTA_D>35</ZONA_MORTA_D>
  <ZONA_MORTA_E>35</ZONA_MORTA_E></Variaveis_RB1>
<Variaveis_RB2>
  <V_MAX>1.</V_MAX>
  <K_LIN>2.0000000000000000e-003</K_LIN>
  <W_MAX>-8.0000000000000004e-001</W_MAX>
  <K_ANG>1.0000000000000001e-001</K_ANG>
  <ZONA_MORTA_D>35</ZONA_MORTA_D>
  <ZONA_MORTA_E>35</ZONA_MORTA_E></Variaveis_RB2>
<Variaveis_RB3>
  <V_MAX>1.</V_MAX>
  <K_LIN>2.0000000000000000e-003</K_LIN>
  <W_MAX>-8.0000000000000004e-001</W_MAX>
  <K_ANG>1.0000000000000001e-001</K_ANG>
  <ZONA_MORTA_D>35</ZONA_MORTA_D>
  <ZONA_MORTA_E>35</ZONA_MORTA_E></Variaveis_RB3>
</opencv_storage>
